X = (u-cx)*Z/fx
Y = (v-cy)*Z/fy

fx = 689.0883 (pixel)	
fy = 697.7927 (pixel)
cx = 340      (pixel)
cy = 204      (pixel)
Z  = 305      (mm)
u  = 351      (pixel)
v  = 172      (pixel)

=> X = 4.868(mm)
   Y = -13.9869 (mm)