X = (u-cx)*Z/fx
Y = (v-cy)*Z/fy

fx = 689.0883 (pixel)	
fy = 697.7927 (pixel)
cx = 340      (pixel)
cy = 204      (pixel)
Z  = 225      (mm)
u  = 350      (pixel)
v  = 415      (pixel)

=> X = 0.9795 (mm)
   Y = 68.036 (mm)
	
