X = (u-cx)*Z/fx
Y = (v-cy)*Z/fy

fx = 689.0883 (pixel)	
fy = 697.7927 (pixel)
cx = 340      (pixel)
cy = 204      (pixel)
Z  = 390      (mm)
u  = 343      (pixel)
v  = 70      (pixel)

=> X = 1.6978(mm)
   Y = -74.8933 (mm)